 Nascidos vivos - Brasil
Nascim p/resid.măe por Tipo de parto e Ano do nascimento
Período:2010-2024
"Tipo de parto";"2010";"2011";"2012";"2013";"2014";"2015";"2016";"2017";"2018";"2019";"2020";"2021";"2022";"2023";"2024";"Total"
"Vaginal";1362287;1340324;1283546;1253726;1277175;1339673;1272411;1294034;1295541;1243104;1165641;1149302;1072287;1024561;940461;18314073
"Cesário";1496034;1565564;1615928;1644557;1697954;1674058;1582953;1627302;1647505;1604189;1562282;1526315;1488423;1512021;1447691;23692776
"Ignorado";3547;7272;6315;5744;4130;3937;2436;2199;1886;1853;2222;1484;1212;994;1173;46404
"Total";2861868;2913160;2905789;2904027;2979259;3017668;2857800;2923535;2944932;2849146;2730145;2677101;2561922;2537576;2389325;42053253
 Fonte: MS/SVSA/CGIAE - Sistema de Informaçőes sobre Nascidos Vivos - SINASC
 Notas:
 
 Dados finais disponíveis até 2024 e atualizados em 02/12/2025.
 Em 2011, houve uma mudança no conteúdo da Declaraçăo de Nascidos Vivos, com maior detalhamento das informaçőes coletadas. Para este ano, foram
 utilizados simultaneamente os dois formulários. Para mais detalhes sobre as mudanças ocorridas e os seus efeitos, veja o documento
 "Consolidaçăo do Sistema de Informaçőes sobre Nascidos Vivos - 2011".
 
 * A categorizaçăo da "Adequaçăo quantitativa de pré-natal" mostrada na variável "Adeq quant pré-natal" considera o início do
 pré-natal no primeiro trimestre e um mínimo de seis consultas de pré-natal –, sendo gravada em campo chamado Kotelchuck no
 arquivo disponível para download, calculado a partir dos campos “33 – Número de consultas pré-natal” (Mesprenat) e “34 – Męs de gestaçăo em que iniciou o pré-natal” (Consprenat).
 Maiores informaçőes no documento "Saúde Brasil 2017: uma análise da situaçăo de saúde e os desafios para o alcance dos Objetivos de Desenvolvi
 
